item_id
287550
572220
110800
227080
525017
18040
524591
436606
205150
524593
297860
42820
295034
432170
221100
300760
518370
206060
473445
745760
292660
393500
342775
325973
471897
425981
440090
357450
210897
757030
476020
662160
542220
521570
591350
338260
330840
326021
313040
525190
591520
351400
591505
605334
361970
296530
573800
327090
313372
575310
258816
355550
377970
552700
434500
363251
714670
339570
207150
594310
371420
710400
545910
609790
273830
693180
549650
271469
361540
39550
622470
543840
531601
502430
625630
653220
452320
401350
698240
420790
312430
351890
355380
216451
319320
712730
363890
411610
315396
747750
354940
698355
246360
705410
269330
413815
739160
35700
312750
289690
430960
308265
692610
381010
392080
415240
547620
323500
370940
686000
369778
269290
728930
668830
761720
457190
590910
428030
571010
704070
213530
351430
595660
400200
389914
12790
326410
401800
268080
365382
732550
15240
695460
251830
108110
485890
724310
630310
509770
568700
37500
657590
541800
454790
495930
333083
656590
601790
425090
586500
648940
504130
730850
454170
615210
623670
403210
98211
321180
597240
411930
742900
521840
424640
210936
673770
401190
222595
659350
656270
536850
520641
449080
288690
299240
531540
558490
587390
271444
331210
509890
649280
371472
705430
316020
534260
750340
328110
645660
413812
610080
116120
726480
476350
217290
294935
675130
453720
493330
770450
601350
297750
675560
485370
65252
526850
320721
558762
434860
440870
715860
569190
742820
359520
267784
630160
293780
563790
376956
446900
751890
390362
345670
761280
381160
741284
394190
541220
741311
246800
657790
661030
258352
706920
335580
637380
362530
245173
398440
387890
579920
513210
403430
674630
474790
64005
214190
36910
736530
717100
623250
541160
550330
547210
262980
241373
425920
583660
350090
488340
469710
548920
509520
743520
395890
268870
750020
557250
27810
292760
619190
493080
581950
535201
679990
354290
326035
399430
229190
603960
25817
542700
589390
385820
393831
390363
213210
436622
222558
416712
449500
231476
713460
498740
258647
642750
348750
40320
388090
475010
484810
206094
645910
304520
695590
641030
505260
314500
479100
436625
734070
702930
251080
477830
458510
591507
709340
18470
24070
35460
600590
510320
445330
200870
251990
208343
464780
421040
206040
317770
540720
341750
678670
508530
348682
703461
702300
325143
412870
753950
22633
281511
350460
305700
545280
573512
585080
286940
561310
33229
464580
571350
523582
491040
426330
671330
509728
454100
675360
703440
277677
653723
35320
379350
706350
530290
304380
409330
548720
7670
355270
215244
722850
590197
41802
597810
508170
429580
334090
66001
464525
689080
364470
486770
576770
692090
279602
297950
596950
614003
746360
645940
271730
298790
319050
616300
593501
534990
737280
313620
367380
418430
407800
343070
681511
442860
563650
479150
436500
406072
672250
450812
537157
348510
333140
627620
229622
202191
746490
297640
47540
210098
493880
428564
387430
390365
666810
721420
215242
686070
252850
238303
318271
493760
207670
597910
333816
220812
489843
637743
258010
302290
556470
541380
662990
375120
55000
539440
509680
722760
338310
415560
730940
423890
214100
208805
687180
421890
614250
531169
238320
434480
305760
699520
369769
304650
741650
389730
446250
683670
208832
215314
482720
590217
292984
740110
552920
410380
697730
590760
208491
563880
22364
229629
591090
409000
690770
524520
256190
327260
729620
461030
535740
414530
759650
672110
223000
716190
560260
679540
351690
770730
321421
274920
586680
210899
364900
645610
508600
673320
389810
439540
211010
693613
342763
369720
705540
713550
605328
390458
730613
748470
309870
373980
301460
294907
403100
416320
626550
654830
362980
65258
589290
262390
283660
599990
622710
549860
620150
222115
216450
306160
419810
470610
296170
764350
618682
440050
563490
310450
395290
369860
585860
344160
248970
305150
338130
512020
239140
229210
671160
326008
334030
637801
597200
360650
385900
218660
347680
237760
268520
630
296790
326045
654060
722060
525730
402710
375430
396650
495980
297050
601590
618320
686710
416424
699290
300150
664770
553020
356800
510090
657050
216332
489250
582574
523610
500570
388620
204388
319560
336780
403453
525350
328880
502780
635570
295041
258644
463460
113204
689430
334290
222579
364890
3450
268930
349930
2820
267780
545560
321950
200050
18521
550930
329130
547370
339910
349935
367280
381162
222080
741930
590227
409750
351020
216090
679820
551919
369070
714840
602814
643684
433000
566890
220160
485360
201804
750060
707400
477980
535130
55396
288160
258501
509530
414720
331600
382070
420920
8000
372500
548350
582530
393540
323730
624940
313101
347493
338590
679770
368160
675370
530580
390378
718080
652200
464720
427770
38160
684040
205730
448100
585930
293880
24010
528620
616191
37310
586530
641950
574030
587920
758480
22330
598110
305640
386000
45302
502630
527960
373930
726430
525590
428020
741390
473050
610490
667000
390376
370340
558310
690060
344030
306240
580970
683990
706700
713100
362040
251170
732180
742340
449370
570360
384330
433091
709680
631553
234788
261395
376940
753470
492330
619470
427005
750870
97365
316541
383700
292380
714334
483950
561550
419590
568130
342280
529200
561900
658420
368050
685450
50000
346370
285500
643390
502980
646140
258374
754650
629880
337180
605780
204840
231505
509705
591900
704620
531650
527810
384225
422590
286200
525185
574690
231479
226672
242590
565220
414070
480770
488190
531168
475960
564990
369990
376945
33990
326220
265890
610130
327270
255300
579860
724510
611630
370530
222568
342796
491770
737330
204372
625940
745440
2210
532610
297840
562430
721270
439940
335320
318850
538827
496435
564840
241660
706370
679430
696930
629796
371380
222750
244630
42926
277733
392370
379588
281640
479990
222580
703671
671230
744590
367010
436585
492987
386420
73035
570450
256460
276460
733570
673280
421710
351240
534680
419710
356240
398520
255690
712660
617380
316530
561590
413420
410370
720110
465230
260950
216210
414010
661960
574570
706180
258500
425580
258542
695560
709700
575830
692220
232634
259830
530611
725490
390330
698354
279580
612480
325041
625853
411460
364020
657280
347100
512810
45794
285130
370510
375980
645760
319300
273130
721105
528960
737740
590193
368070
358010
224763
310110
379565
651550
326460
674670
682380
208742
394260
564910
411540
345300
693643
616170
365300
343320
272080
9730
550220
433520
376370
655160
513040
360096
301710
551250
341410
325137
324120
46270
681100
600280
760820
326990
290401
366890
476868
434170
679390
696010
635890
387770
597220
456440
437231
378501
602860
208834
6080
428260
704340
243220
404630
217120
249912
312630
3900
649271
587050
229630
336110
388410
331520
401635
575090
442760
684730
215910
488210
256506
349840
12220
307070
445720
687200
258645
314020
503070
681290
302570
508163
619630
579950
65231
204100
326610
300550
295017
318090
215001
404282
513095
341700
421160
339350
361181
314510
326027
291390
540330
333771
